CVC-ColonDB

ModelSave/CVC-ColonDB/RAPUNet2025-05-26_12-33-24

dice_kvasir: 0.6809954617695456 dice_clinic: 0.7125423596738688 dice_train: 0.9562189621997402 dice_valid: 0.9449608342844635 dice_test: 0.7125113185981266

miou_train: 0.9161106856424082 miou_valid: 0.8956642227054984 miou_test: 0.5534117145187744

precision_train: 0.9502832386571629 precision_valid: 0.9507058869794329 precision_test: 0.8274855943489335

recall_train: 0.9622293040653608 recall_valid: 0.9392847984707555 recall_test: 0.625589344072673

accuracy_train: 0.9932403099853198 accuracy_valid: 0.9940187139789038 accuracy_test: 0.959662319214876



